395 220 122 892 652 856
673 768 505
110
5 201
915 159
744 984
664
121
465 541
188 137
753 17 666 467 650 371
614
1062 97 81
934 64
540 1074
421 983
169 327 286 611
774 772 893
645 431
146 1001
789 625
488 361 78 88 837
1060
221 381 553 848
411 1010
653 1041
798 234 53 184 415
706 430
68 919 135
487 578
697 223 812
452 172 228
834 86 539
486 353 970
457 259 16
336 644
608 405 961
211 913 402
996 124
958 239
175 320 403
523 962
462 438 344 577 911 271 579 426 1065 251
316 790 985
602 83 154
464 409 108
941 128 1059 132 6 518 484 629 349 318 742
21 992 733
1094 990 828
150 660 100
38 351
199
442 229 846
125 756 674
322 33 70
269 410 114
931
826 178 359
227 384 343
649 999
1024 127
254 491
903 32 599
569 918 630
422 979
896
723 1056 728
1066
165
459
810 926 969
437 1051 685
949 454 44 370 279 308
158 521
873
368 888 972
335 309 213 497
534 617
483 686 632
1003 1096
441 977
878 144 509
555 527
902 134 876 731 767 871
884
647 549 500 565
502 582 1000
1032 787 24
396 567
716 849
718 1055 691
345 576 978
112 957 596
408 624
141 300
904 366
965 241 529 1072 1033
796 417 45 613
461
301 458 338 807
1007 605 289
145
609 730 724 937 288 921
98 282
447 173 28 71
819
738 376 111
399 637 87
238 340 40
909 278 595 1020
54 434 654
701 453 313
989 656 1082 754 900
292 1011
356 481
1047
791 330
1042 1036 898 948
821 1031 56
1005 35 501 26 1095
776 910 302 120 642
923 37 548 1023
444 963 587 880 822 432
166
520 198 943
782 991
15 759
237 1049
528 205 780 547 663
813 1087 272 850
973 757 945
620 939 515
280 743 149
385
894 473 648 119 1097 1021 857
684 34 554 314 891
93 794 661
274 138 598 531 935 1070 496 423 331 583 79
262 936 493
775 429
604
1004 1048 603
773 249 362
552 180 584
10 39
522 393
1008 670
147 901 62
1098 30 1016
43 721 293
818 284 669
592 347
947 658 737 1067 960
103 1088
875 267 20
507 224 363
841 1017 639
232 752 736
367 634 781
164 61 1058
616 640 217
709 1081
889 786 67 392
350 1044 777 1099
1039 814 243 714
510 299
355 315
966 1002 276 277
494 448
916 414
1034 466
779 428 148
681 104 212 1025
853 225 995 622
153 843
342 827 116
365 845 113 1040
688 382 29
563 975 678 394 139 568

558 855 749 980
832 797 268
298 187 386
471 1091 1022
1086 844
600 955 823 27
450 626 219
886
140 354 638 179 877 66 748 952 682
388 246 295 537 817 586 303
210 635 209

478 938 838 233 360
425 562 1057 612 795
404 550 73 445 835
76 129 868
446 866 245 256
3 94 729
170 971 2 23 1050
475 115


202 364 725 1064
690 503 1090 48 1043 607
373 802 480 641 255 222 922 867
226 636 683 215 1009
1006 831
950 927 41 1083
123 511 687
712 107 982 196 917
761 151 369 680
287 1084 89 92 946 679 895 334 468 270 418
651 258 13 341 751 357 785
377 118 379
708 809
735 498
727 191
533 897 928
694 667 321

976 440 665 591 854 8 588 389 266
1052 372 543 323
863 1035 739
545 439 954 769 406 698 994 1012 646 181
765 74 1063 490
693 337 851 482 1046 109 400
326 339 885
932 513 704 183
1073 610 560 933 557 247
449 435 230 920
136 964 788 820 90
940 930
186 824 333
49 283 102
719 383 734 1075 1089 1015
489 783 162 242 526
51 764 236 525 470 1038 0 456
157 419 631
713 760 163 306 317 668 847 182 524 176
677 585 906 253 924 559 472 18 1076 561 358 671
275 1080 479 758 214 840 799 763 792 106
200 96 1013 436 564 1027 204 720
31 206 711
860
378 126
672
281 778 143 914 69 443 19 374 762 474
881 77 633 263 594 273 433
261 628
675 460 741 890 1093 968 959 556 573
290
4 745 800 879

407 755 621 328
63 747 95 715 207 291
11 703 46
517 912 657 375
643 951 1 130 1068 397 469 390 14
231 988 82 864
420 998 858
192 346 311
80 702 42
859 55 101 260 190 58 22 574 793 152
593 91 967 700 870
710 117 836
536 806
993 1037 25
72 352
571 304 412 925 84 766 324
689 987 662 424 492 986 167
380 882
530 506
285 455 830 208 485 348 156 808 1045 142 852
9 535 52 544
784 85 401 833
203 504 538 804 1079 872
676 240 235 887
1030 942 189 516 861 218 981 695 252 57

508 1078 566 99 929
216 606 572 416 307
512 297
655 427 750 477 659 699 75 717 956 1018 816 264 907 161 197
899 195
615 168 627 47
514 1029 387
499 294 1071 740
12 746 1019 296
597 905
325 619 874 1014 883 451 801 312 463 193
244 542 1026
171 519 601
570 391 310 36 551 842 908 997 825 250 839
580 305 160
265 1077
815 7
696 1092
1054 476 59 546 865 194 319
332 257 722 1069

726 805
495 581 944
623 398 829 50
1028 174
65 177 811 248
185 60
590 705 707 1061 803
532 618 131 1085 575 155 133 953 770 974 732 692
329 862 589 869 105 1053 413
771
