122 856 652 220 395 1070
152 505
110
5 201
159 915
984 744
664 930
121
465 541
188
666 17 753 475 467 617
614
466 97 81
934 64
540 197 901
983 421
286 169 327
774 893 772
645 431
416 1001
625 789
361 78 488 837 544
499
168 553 221 381
411 896
1041 1032 94 933
234 184 798 53 415
706 430
909 919 135
200 578
223 697 812
452 228 172
86 834 539
403 353 970
259 676 16
336 6
608 405 88 632
211 913 402
996 124
958 239
175 320 203
163 962
1065 579 577 438 426 251 462 271 344 266
316 790 985
602 83 154
464 409 108
644 132 518 128 941 349 484 1059 318 742 920 1090
21 992 733
1094 145
660 150 100
38 351

229 442 718
674 756 125
33 322 70
269 410 114
931
826 178 359
227 384 343
999 649
1024 739
491 254
599 903 32
918 745 569
979 422
294 28
728 367
1066 392
672 165
459 65
810 969 926
1051 1078 437
44 949 279 454 308 370
158 521
904 873
7 888 368
335 309 213 497
371 534 805
483 686
1015 734 1003
441 977
580 144 723 1056 848
527 555
731 876 661 902 587
884
549 565 500 647
582 502 1000
24 653 654
567 866
716 849
691 558 846
978 345 576
957 112 596
408 624
141 300
366
1072 241 247 529 988
417 852 796 246
461
301 807 458 338
1007 292 289
785 990
609 724 791 730 937 288 921
597 333
447 1010 471
819
376 111 738
399 794 637
955 238 340 68
278 595 40 1020
944 434 54
701 453 313
754 989 519 171 900
605 509 233
673 356
1047
523 330
1036 656 948 198 1082
1031 56 821
1095 26 1005 35 501
302 776 910 615 120
923 37 1023 687
963 880 822 444 767 432
166
170 520 943
782 991
15 759
237 1049
780 205 547 663 528
1087 850 272 813
757 973 945
620 515 939
743 149 280
385 1035
473 616 1097 894 857 119 648 611
864 147 554 891 590 314
972 457 93
598 531 138 1039 423 274 583 496 331 935 79
262 936 493
429 775
604
1004 1048 603
196 249 362
552 584 180
10 729 486
393 522
1008 670
106 62
1016 30 1098
1042 43 721 898 293
284 481 669
347 592
947 737 1067 658 814
103 1088
875 267 20
224 507 363
1017 639 841
232 752
92 634 960 781
164 61 1058
217 640 768
1081 709
786 889 621 67
350 1099 1044 777
892 714 243
299 510
315 871 134
276 966 1002 277
494 448
916 414
1034 1062
428 818 148
104 212 685 681 1025
199 622 853
153 843
342 827 328
1040 113 845 365
382 688 29
394 678 568 563 139 828

749 1055 980
797 832 268
298 187 386
1022 1091 700
844 1086
27 823 600
626 450 219
886 39
748 140 638 952 877 682 179 374 66
817 537 295 388 586 45 303
210 209 635

478 938 838 1011 360
795 612 562 1057 425
73 550 404 445 835
173 129 868
396 446 245
3 787
971 2 23 1050
630 115 650


202 364 725 1064
690 607 48 1043 708 87
222 255 373 641 922 867 319
683 226 636 215 1009
831 1006
41 1083 950 927
511 123 256
982 712 917 107
761 680 151 369
946 895 679 89 287 468 270 334 418
651 258 341 13 751 389
379 377 118
809 102 629
735 498
727 191
533 928
667 694 321

854 591 665 588 976 8 440
1052 372 543 323
127 863
545 439 406 1012 181 769 954 698 646 994
1063 765 74 490
337 851 109 693 1046 482 400
326 339 885
932 513 183 704
560 965 557 1073 610 1033
449 435 230 116
136 964 788 820 90
940
98 186 824 282
49 283
1075 1089 719 383 1096
242 783 162 526 489
51 525 764 0 456 1038 236 878
631 419 157
668 760 182 524 306 176 317 514 713
924 559 358 906 561 472 677 253 585 1076 18 671
799 758 275 479 214 840 1080 763
1027 487 436 96 204 720 564
206 31 711
860
126 378

69 443 914 911 143 281 762 474 19 778
77 633 975 594 881 263 433 273
261 628
741 890 659 460 1093 959 1074 816
290
879 4 800

407 755 357
95 207 63 747 715 291
46 11 703
912 657 517 375
643 1 1084 397 1068 469 951 130 390
231 34 82
998 858 420
311 192 346
80 42 702
101 58 190 260 55 574 859 779 22 793 1021
91 593 897 967 870
710 117 836
536 806
993 25 1037
352 72
766 571 304 412 84 925 324
689 662 986 987 424 492 167
380 882
530 506
1045 830 285 208 485 142 808 348 156 455 14
535 1018 9 52
784 833 401 85
538 1079 804 504 736 872
887 235 1013 240
1030 942 189 516 981 218 861 695 57 961 252

566 508 99 929 470
572 216 606 307 480
512 297
477 956 161 427 75 556 699 792 750 655 573 968 675 264 717 907
899 195
642 47 627
1029 257 847 387
1071 76 740 1060
746 1019 296 12 146
905
619 883 874 451 855 325 193 801 1014 463 312
1026 244 542
551 773 825 601
36 570 391 908 310 842 997 250 839
305 613 160
265 1077
815 503 354
1092 696
476 802 865 194 59 1054 546
722 332 1069 137
355
726
495 581
829 623 398 50
174 1028 548
248 177 811
60 185
705 684 1061 803 707
618 575 131 1085 155 532 770 133 692 953 732 974
589 105 869 413 1053 329 862 71
995 771 225
