395 652 1070 856
505 152
42 110
201 5 1046
915 159
984 311 744
664 940
121 826 256
465 541
926 425
666 467 388
614 1038
97 81 466
64 934 340
1093 75
783 421 250
286 169 327 1052
772 774 893
645 431
416 1001
498 789 945
361 488 78 544
499
168 381 553 497 848
411 991
209 1032 654 944
409 184 53 415 234
228 706
909 919 135
200 96 438
223 697
452 515 56
86 834 539
353 486 970
16 259 93 794
602 336 1098
608 405 88
211 913 719
996 267 124
958 239
175 735 872
523 962
761 462 271 266 458 61 426 374 577 579
790 985
83 318 349
464 798
920 1059 484 116 518 742 268 629 435 607 644 1016
107 983
1094 145 139
660 150 100
38 351
995 622 225
229 442 718
674 756 125
33 736 1018 763 792
13 114 410
931 158
359 178 108
343 227 384
999 649
1024 739 646
491 254
265 903 599
918 115
979 422
294 28
367 723
1066 392
672 165
459 65
810 969 188
929 1078 1051
44 370 949 990 279 588
521 244
904 873
7 436 48
309 335 615
371 805 534
686 483 632
1003 1089
441 8
580 144 1056 559
547 527 555 988
587 731 661 876 767
884 363
647 565 885 339
582 1000 502
94 377 24
396 567
716 454
558 193 855
978 345
957 112 730
408 109
141 510
366 592
1073 965 850 241
417 796 45 566
461 811
807 301 680 338
1007 202 285
785
921 937 288 724 609
98 631
447 700 896
928 321 819
376 111 709 372 1021 1097
399 611 637
955 600 40
595 68 278
1041 54 933
313 701 187
754 900 989 656 825
233 1 1011
673 260 779
1047 134
330 791 847
788 820 1036 828
1031 172 702
1095 26 501 1005
302 776 658 213 221 947
548 37 1023 954 833 84
963 880 432 444 822
220 576 166
170 943 520
174 1028
15 759
237 1049 973
780 32 205 434
272 1087 663
493 757 57 981
620 821
743 280 443 281 911 952
385 1035
473 616 119 356 368 648 888 87
864 264 968 314 554 891
457 972 902
274 331 598 531 423 469 138 603 183 960 728 1048
262 936 516
429 775
604 986 1065
1004 120
712 196 519
552 584 180
118 10 729
710 522
1008 670
62 816
1040 30 941 6
1042 43 898 198 721
669 284 818
347 492
122 737 1067 935 358
390 1088 1068
20 530 639
224 939
1017 25 402
322 752 70 959
418 781 634
1058 164 132
217 640 768
738 1081 490
67 786 889 966
350 865 207 846
892 1039 243
299 297 127
843 355
276 621 1002 277
494 448 1020
414 836 500
1034 1062 238
148 428 800
1025 212 404 681 104
199 474
315 153
328 342 827
113 845 835 154
382 688 29
568 563 975 881 90
507 549
749 980 312
894 797 832
298 386 162
1091 471 1022
844 1086
27 823 304
197 219 626
886 625 403
748 140 638 564 66 682 251 354
303 537 456 817 878 18
635 177 210
424 308 389 976
478 938 838 292 509
795 1057 481 562
437 550 445 73
76 129 173
245 446 1080 52
3 930 787
23 971 2 594 1050 678
726 475 192 1076

829 365
364 725 974
690 1043 1090 503 708
222 867 480 255 373 641 319
683 226 636 808
1006 831
927 41 293 950
123 866 511
982 917 413 21 71 489 733
344 369 151
946 360 334 92 14 287 468 679 895
651 341 258 269 751 849 922
379 39
809 102
320 203
727 191
533 870 740
694 667
853 720
854 591 665
323 543 176
863 482 439
545 698 994 687 961 181 1012 406
74 1063 765 387
337 851 624 400 693
430 326 596
932 513 496 704 35 583
610 557 653 247 34 560
128 230 449 440
136 964 394 948 1082
375 657 248
905 824
49 283
1015 1075 1096 383 734
242 526 992 570
236 525 764 508 246 295 586 0
157 186 419 1064
668 760 182 306 524 713 163 317 393
472 585 924 253 906 882 627 561 130 671
799 840 758 214 1074 750 275 479 655
1027 487 578 204
711 206 842 908
860 777 1009
453 126
300 60
69 143 778 977 19 762 149 914
77 633 263 433 273
628 261
741 699 675 890 450 106 540 590 907
31 290 997
879 4 612
1013
407 755 357
63 95 325 747 348
46 11 703
517 912
643 951 1084 397 103 714
82 231 460
998 858 420
753 346 569 22
80
859 101 55 793 190 58 574
91 593 897 967
916 117 857
806 536 215
993 875 841
362 352 601 551
766 571 925 942 695
689 662 167 987
380 650
506 1037
455 830 1045 485 605 289 852 142 208 715 156
9 232 535
784 401 85 837
504 538 1079 717 804
887 240 235 871
189 1030 861 218 252 412

51 99 470 685 677
572 216 296 307 12
512 812
477 956 161 427 573 147 556 659 901 1092
899 195
47 910 814 642
1029 257 1069
1060 1071 324 1010
746 1019 606 546
597 316 282 333
619 883 1014 874 801 451 691 1099 1055 291 463
1026 542
72 773 171
36 1083 310 391 839
160 305 613
581 1072 1033 529
815 179
696 1077
476 802 146 194 59 1044 1054
722 332 137 514
676
17 630 745 617
495 528 813
623 50 398
782 923 769
89 270 79
185 378
705 684 1061 803 707
618 575 131 1085 953 133 155 532 692 732 770
329 589 105 869 249 862 868 1053
771 877
