395 856 892 652 382 978
152 505
42 110
406 141 5
159 915 1096
311 744 984
664 517 10
826 121 632
541 576
425 669 660 137 926
666 388 906 805 1076
1038 614
466 97 81
934 64 340
1093 75
421 570 250
286 169 327 611
893 774 772
645 431
416 1001
789 498 1049
544 78 252 361 866
548 84
553 381 168 497 848
71 499
209 1032 210 654
670 53 409 234 184
939 706
909 919 135
96 952 225
223 697
515 1031 452 402
834 86 539
353 970 486
93 16 436 259
1098 602
608 405 70 88
211 913 719
124 996 191
958 239
735 872
724 163 962
426 271 369 579 462 1065 277 680 61 266 761
790 806 1062
349 83 154
464 798
518 629 458 920 1059 809 644 318 336 484 49 941 449 742 1016 6
983 489
1094 145 392
150 100 524
720 38
995 622 853
229 718 442
756 125 674
33 322 488 999 106
410 13
931 414
359 178 812
227 343 384
649 945
782 739
254 491
903 265 599
569 192
422 979
411 28
367 723
1099 641
300 378
65 459
810 969 188
1051 929 437
44 990 279 370 949 716
647 521 224
873 904
48 7 794
335 309 213
475 371 534
686 483
383 1075 1003
977 8
559 160 580 144
547 555 988 205
876 767 871 432 731
884 363 963
339 565 500 326
502 67 328 582
94 377 24
396 567
454 90
855 558 193
615 345 302
957 112 730
733 624 109
510 385
592 366 347
965 241 495 527
613 45 796 417
811 270 461
301 807 251 338
202 1007 285
785 588
791 288 937 921 330 609 759
98
896 700 447 471
819 321 1009
111 722 1021 1097 738 847 1081 376 372
637 399 368
600 40 955
68 278 1006 595 1020
1041 54 933
298 313 701
754 989 601 900 171
1 1011 233
260 673 779
843 134

788 820 1036 828 898 721 948
172 702 56
1095 1005 501 35
776 947 910 221 1048
991 1060 37 833 1023
587 444 880 822 158 844
220 465
170 433 520
174 1028
15 885
237 625 973
528 780 684 32
663 272 850 813
493 757 57 981
430 620 821
743 280 149 374 577 911 281
201 1035
648 616 119 356 87 857 894 473
968 554 450 82 62 864 147 556
902 972
274 531 138 183 781 598 1039 469 331 468 423 79
516 304 1030 936
429 775
689 604 986
120 814 603
72 825 413
180 552
930 403 729
522 710
123 1008
219 34
1040 30 845
1042 198 1082 43
481 284 818
492
122 737 935 677 1067
1088 390 714
20 506 530
244 1086
1017 639 25
736 752
634 418 728 960
132 1058 503
217 640 768
514
786 1000 889
350 691 865 694
1070 243 658
299 297 127 512
887 315
621 1002 276
494 448 928 740 324
836 117
238
148 428 800
1025 404 681 104
474 199
153 355 676
827 342 116
113 835
688 29 166
975 139 849 881 568
507 549
312 749 980
797 832 268
162 60 187
1022 868 1091

27 262 823
901 540 197
320 886 175 118 1087
140 638 66 748 682 815 179
303 14 817 295 456 289 537
177 940 248 635 89
424 308 976 441 854 389
938 478 838 292 509
879 612 918 795 1057 562
73 445 584 365 212 550 11
76 173 129
446 245
3 787
971 594 943 2 1050 23 678
745 630 617

829 50
282 974 364
283 690 888 1043 708
867 476 373 546 480 255 922
683 226 215 636
831
927 41 293 950
511 256 415
982 917 992 107 21 712 420 1083
151 344 438
946 360 679 397 878 895 334 287 92
341 269 651 114 966 258 751
379 39
607 102 1090
203
727 1013
533 870
667 319

591 665
1052 543 176
863 482 401
994 545 646 698 439 954 1012 769 961 181
709 1063 74 765
337 400 1046 408 851 1024 923 693
596
932 26 513 704 583 496
610 653 247 1033 557 560
128 440 230 435
136 964 656 563 394
375 657
905 1034 157 316 597 985 631 333 824
164
734 1015 1089
126 386 997 526 783 242
236 525 51 1078 0 99 764 246
186 419 1064
182 306 760 523 317 323 668 713 490
130 358 671 472 253 585 924 18 103 627
758 1074 891 275 479 840 1092 799
204 351 487 200 1027 661 457
206 711 31 842 908
860 777 207
453 185
672
762 778 914 69 143 443 19
77 263 273 633
628 261
890 231 959 477 427 161 699 750 314 816
36 290 551
4

407 755 357
95 715 63 883 747
46 703 586
912
1068 1084 643 951 1056
460 529 717
858 839 998
17 115 346
80 228 841
101 574 859 793 58 190 55 22
91 593 897 967
916 393
536 732
993 1037 875
196 362 195
571 925 766 695 942
662 167 987
380 650
267
485 455 142 156 208 808 830 1045 852 605
232 535
85 837 108 784
1079 741 504 538 804
240 235
861 412 218 189

685 470 508 566
296 307 216 12 572
165
956 659 675 573 763 792 1018 52 214 655 1080 9 626 907 590
899 391
642 47 1004
1029 1069 257
294 1071 1010
1019 146 746 606

451 463 291 619 1014 348 801 874 325 846 1055
542 1026
352 773 519
310
305 561
581 1072 1073
354 564 578
696 1077
802 1066 222 1054 1044 59 194
332 387
1047
467 753 726 882
944 434
398 623
687


705 1061 803 707 264
575 131 1085 133 692 770 725 618 155 532 953
105 869 249 329 1053 862 589
771 877
