856 652 382 220 122
169 768 505
110
261 201
915 159
192 744
930 664
121
465 541
137 188
115 666 753 380 17
46 614
238 1062 466
625 973
554 147 626
421 645 431
522 286
900 519 352
60 187
1001 307
735 498
446 544 535 608
294 1060
335 213 497 553
408 411
653 1041 1032
409 798 184 670 53
1031 56 706
68 135 919
1013 720
812 223 697
452 172 228
368 888 48
529 460 403
235 676
602 336 644 6
511 866 361
383 719 913
996 124
239 510
970 175 320
523 962
577 911 638 1065 665 462 438 426 61 369
790 316 985
268 318
464 415
1058 742 164 49 809 629 132 1059 128 349 484 230 941 1016
489 983
849 990
713 524 847
429 853 66

755 116
221 627
477 322 33 736 999 649 70
279 976
931
359 826 178
819 343 1009
1018 52 88
739 1024
576 254
32 528 903
630 918 569
422 979
624
642 728
59 207
165 672
65 459
926 810 969
236 929 1078
370 454 308 44 716 949
521 158
873 366
457 972 436
491 309 615
475 650 371
483 686
1015 1096
778 977 441
603 1048 367

444 355 587 134 871 822
884
885 112 549 647 565
407 67 392 502
434 933 24
567
568 678 828
342 827 463
978
326 957 596
693 109
300 958 141
904
527 555 1072 1073
585 472 160 305
461
579 151 271
509 333
785 1094
288 609 937 921 730 724
597 98 282
28 1010 896
831 1014
74 738 376
902 661 611
600 955 340
40 1020 595 909
813 54 944 654
701 453 313
551 601 171 754 293 1082
130 397
1097 481
1047
791 330
656 721 1042 898 948
402 702 80
1005 501 1095 26 35
345 737 302 776 658
698 548 37 923 1023
963 880 542 731 767

170 943 198
1028 991
759 15
10 237 1049 934
547 780 1087 599 272
850 205 663
488 945 757 936
821 515 939 620
280 743
385
857 87 648 473 1021 616 894 797
590 803 684 34 891 1061
93 259 240 876
496 138 583 1070 331 531 423 274 598 935 243
516 262 493
771 775
604
814 1004 381
989 362
584 552 180
729 377
393 710
1008 234
1092 62
113 1040 1098 30
927 950 43
111 284 818 673
347 592
947 1067 714
634 1084 469 1068 144
1017 875 530
363 224 507
639 841 25
538 232 752
79 781 92 960
1043 539
327 640 217
332 1081
269 341 889 786
350 319 1044 384
395 892 1039
299
843 315
440 301 266 277
494 448
1052 414
97 1034 81
356 669
404 212 1025 764 104
199 995 622
153
435 449 920 328
154 83 845 365
29 688 166
975 881 394 563 139 90

582 1000 681
152 119
126 298
868 71 447
844 1086
823 27 64
450 106
39 353 379 886
38 225 682 877 140 748 179 952 354
253 586 906 817 388 613 295
210 209 635

360 938 478 838 233
425 562 795 612 1057
550 73 835 445 1051 685 208 801 193 451 980 619 883 325 63
1022 76 173
396 245
94 3
2 23 520 1050 971
534


1011 878 289
794 399 637 432 690 86 834
480 222 867 802 922 255 641 373
215 636 226 683 455 715
278 1006 855
420 41 1083
123
107 982 712 196 917
578 251 503
89 270 468 334 287 418 679 895 946
145 258 114 389 410 651 751 13
787 486 118
607 1090 832
203 789
727 191
897 593 91 533 928 95
321 667 694 291

8 344 761 854 680 591 588
500 543
127 1035 545
784 401 1012 181 406 863 646 833 85
490 372 1063 722 765
1046 400 482 851 337
339 430
513 932 704 183
610 965 241 1033 557 560
338 458 807 518
1036 820 788 136 964
940
186 824
708 283 102
1003 1089 734 1075
386 526 783 162 242 992 733
537 456 303 11 0 1038 470 525 99 51
631 157 419
163 317 182 760 668 306 514 323 176
125 674 756 671 358 677 561 723 559 18 1076 924
214 763 840 799 792 758 275 479 1080
204 351 487 200 96 1027 564
206 711 31
860 777 691
378

474 281 19 762 443 149 143 374 69 914
273 594 633 77 433 263
5 628
816 264 1074 717 907 968 231 540 82
290 997
879 4 800 745

1002 966 621 357 276
229 227 558 1055
617 703
375 517 912 657
643 390 1088 951 1 580 14 292
247 988 864
998 858 839
311 984 346
211 42
148 260 779 428 793 58 859 101 574 55 22 190
471 967 129 1091 870 700
916 836 117
536 732 692
993 267
72 893
769 304 412 571 766 925 84
986 492 987 689 167 662 424
805 882
1037 506 20
605 852 1007 364 202 285 508 1045 830
9
687 256 108 632
872 959 804 1079 741 504
887 16
405 837 78 961 695 942 252 981 218 994 861 954 439 57 189 1030

246 45 796 417 566
216 572 606 416
512 297
901 197 659 556 573 890 675 655 75 1093 699 427 750 161 956
899 825
910 47 120 168
100 150 660
499 1071 324 740
772 746 296 12 1019
905
156 1085 485 437 442 718 846 1099 142 312 749 808 348
1026 244
195 773 774
908 842 570 250 36 391 310
848 103 1056
265
815 7
696 314
146 546 1054 476 1066 194 865 747
257 1029 387 1069 709

726 467
581 495
50 398 623 829
782 174
811 248 177
185
707 1077 705 219
1064 725 770 974 806 532 953 155 133 575 618 131 874
21 413 249 105 329 1053 589 869 862

