856 220 395 122 652
169 768 505
110
5 201
159 915
346
664 930
121
465 541

666 753 17 467 617
614
97 81
934 64
197 540 427
421 983
522 286
893 352 774
645 431
1001 416
789 625
78 361 88 837 488
1060 740
168 553 221 381
411 1010
1032 94 933 1041
53 798 234 409 108
706 430
68 135 919
204 354 436
223 697 812
228
86 539 503
486 353 970
676 93 16 240
920
608 961 405
402 913 211
996 124
510 239
175 403 320
523 962 524
462 1065 577 911 579 344 251 426 271 438
790 985 316
154 318 602
464 415 184
484 941 132 128 349 518 629 336 6 230 742 1059 458
992 733 21
1094 145
150 100 660
775 38

718 442 229
674 125 756
322 33 544 70
389
931
826 178 359
343 819 1009
649 999
739 1028
491 254
528 599 32
918 569 745
422 979
624 868
367 728
1066
165 672
838 459
926 810 969
685 437 1051
454 44 949 370 279 308 828
158 521
873 366
888 368 7
335 309 213 497
534 371 805
686 483
1003 1015 734
441 977
1056 580 144 397
555 527 988
876 902 871 134 731 767
884
112 549 565 647
582 786 502 392
24 653 654
866 567
716 849
558 691 846
345 576 978
957 885 596
109 408
958 141 300
904
529 1072 707 1073 241
417 45 613 796
461
591 301 338 807
292 1064 1007
785 990
288 609 937 730 724 921
98 597
447 1022 896
831
376 738 111
87 637 399
955 340 238
909 595 1020 40
54 944 434
701 453 313
519 754 171 900 293 601
289 509 605
673 356
1047
791 330
1082 1036 1042 656
56 1031 80 172
1095 26 35 501 1005
302 910 776 120 615
1023 923 37 548
963 880 587 444 822 432

943 198 520
782 991
15 759
1049 237
547 205 663 780 1092
813 1087 272 850
757 973 945
515 620 939 821
280 743
385 1035
857 473 1021 616 1097 119 648
864 314 891 34 554 968
457 972 794
423 496 1070 531 598 935 331 274 138 79 583
493 936 262
771 853 429
604
1048 1004 848
196 362 773
584 552 180
729 10
393 611 710
1008 670
816 147
1040 1098 30 1016
43 721 898 1083
818 284 669
592 347
947 1067 737 658 714 642
103 390 469
267 875 20
363 507 224
639 841 1017
232 752 736
634 92 960 781
1058 164 61
327 217 640
1081 709 188
357 67
777 384 350 1044
892 243 1039
299
315 355
966 1002 277 266
494 448
500 414
1062 1034 466
481 800 148
404 104 212 1025 681
199 995 622
153 843
827 342 1000
845 365 113 83
688 166 382
678 394 563 139 568 975

749 1055 980
894 797 832
126 298
870 1091 471 71
1086 844
823 27 600
901 626 219 62
886 39
179 374 877 140 748 952 682 638 720
586 817 388 295 537 303 246
210 635 209

14 938 478 233 360
562 795 612 1057
550 73 445 835
173 76 129
245 446 396
3 787
23 1050 971 948 170 2
650 630


725 202 364 282
1090 1043 48 607 690 834
222 867 922 255 641 373 319
215 636 226 683
1006 278
950 927 420
511 123 256
107 982 712 917
369 761 680 151
679 468 287 946 895 270 334 89 418
114 341 410 651 13 751 269 258 889
379 118 377
809 708
735 498
727 191
897 533 321 928
667 860 694

8 665 854 588 976 440
372 1052 323 543
863 127
545 994 181 406 698 769 954 439 833 646
1063 74 490 765
1046 482 851 693 337 1024 400
339 326
513 29 932 704 183
557 610 560 495 965 1033
449 435 755 644
820 788 136 964 90
940
631 824 333 186
283 49 102
1075 383 1089 1096 719
783 242 187 162 526 386 489 28
1038 525 0 236 764 456 51 470
157 419 1011
317 182 760 668 306 514 163 713 176
472 18 358 677 561 559 924 906 585 253 1076 671
840 799 275 758 479 1080 214 763
487 96 1027 200 66 351 564 661
206 31 711
227 1099
378

281 143 69 914 474 778 149 443 19 762
881 633 77 263 594 273 433
261 628
741 959 675 460 659 907 247
290 997
425 4 879

328 116 276 407 621
95 63 207 747 715 291
46 11 703
375 912 657 517
1 1068 951 130 643 1088 1084 878
231 717 82
998 858 839 41
192 311 984 744
452 42 702
260 779 58 859 101 574 55 190 22 428 793 152 268
967 593 91 700
117 836 916
806 536
993 1037 25
72
304 571 925 84 324 766 412
987 689 662 424 986 492 167
380 882
506 530
830 455 285 156 485 348 1045 142 208 808 852
535 9 52 1018
784 632 85 401 1012
504 1079 804 203 538 872
259 887 1013 235
981 861 1030 516 942 252 218 57 189 695

1078 508 929 566 99
216 572 606 307 480
512 297
699 573 556 890 655 75 1093 750 477 956 792 161 264 1074
899 195
47 627 814 603
257 847 1029 387
1071 499 294
746 296 1019 12 772
905
883 619 1014 325 463 451 193 874 801 855 312
542 1026 244
551 989 825
36 391 310 842 908 570 250
723 305 160
265 1077
815 578
696 106
146 476 194 865 59 546 802 1054
1069 722 332 137

726 475 115
581 903 450
829 623 50 398
174 687
811 248 177 65
60 185
684 590 705 803 1061
953 770 133 532 155 692 575 618 131 1085 732 974
869 329 589 862 1053 249 105 413
225
